0000
0001
0002
0003
0004
0005
0007
0008
0009
0010
0011
0012
0013
0014
0015
0016
0017
0018
0019
0020
0021
0022
0025
0026
0027
0028
0029
0030
0031
0032
0034
0035
0036
0037
0038
0042
0043
0044
0045
0046
0047
0048
0051
0052
0053
0054
0055
0056
0057
0058
0059
0060
0061
0062
0063
0064
0065
0066
0067
0068
0069
0071
0072
0073
0074
0075
0077
0078
0079
0080
0081
0082
0083
0085
0086
0088
0090
0092
0093
0094
0095
0097
0098
0100
0101
0102
0103
0104
0105
0106
0107
0109
0110
0111
0113
0115
0116
0117
0118
0119
0123
0124
0125
0126
0127
0128
0129
0130
0131
0132
0133
0135
0136
0137
0138
0141
0142
0143
0144
0145
0146
0147
0148
0149
0150
0151
0153
0154
0155
0156
0158
0159
0160
0161
0162
0163
0164
0165
0166
0167
0168
0170
0172
0174
0178
0179
0180
0181
0182
0183
0184
0185
0186
0187
0188
0189
0191
0193
0194
0195
0196
0198
0199
0200
0201
0202
0203
0204
0205
0206
0208
0209
0210
0211
0212
0213
0214
0215
0216
0217
0218
0220
0221
0222
0223
0224
0225
0226
0227
0228
0229
0230
0231
0232
0234
0235
0236
0237
0238
0240
0241
0242
0244
0245
0247
0248
0249
0250
0251
0252
0253
0254
0255
0256
0258
0259
0260
0261
0262
0264
0265
0266
0267
0268
0269
0270
0271
0272
0273
0275
0276
0278
0279
0280
0281
0282
0284
0285
0286
0287
0288
0289
0290
0291
0292
0293
0295
0296
0297
0298
0299
0300
0301
0302
0303
0304
0305
0306
0307
0308
0309
0311
0312
0313
0314
0315
0316
0317
0318
0319
0321
0322
0323
0324
0325
0326
0327
0330
0331
0332
0333
0334
0338
0339
0340
0341
0342
0343
0345
0346
0347
0348
0349
0351
0352
0353
0354
0355
0356
0357
0358
0359
0360
0361
0362
0364
0365
0367
0368
0370
0372
0374
0375
0376
0377
0379
0381
0382
0383
0384
0387
0388
0389
0390
0391
0392
0393
0395
0396
0397
0398
0399
0401
0402
0403
0404
0405
0407
0408
0409
0410
0411
0412
0413
0414
0415
0416
0418
0420
0421
0422
0423
0425
0426
0427
0428
0429
0430
0431
0432
0433
0434
0436
0438
0439
0440
0441
0442
0444
0446
0447
0448
0449
0450
0451
0452
0453
0454
0455
0456
0457
0458
0459
0461
0463
0464
0465
0466
0468
0470
0471
0472
0473
0475
0476
0477
0478
0479
0482
0483
0484
0485
0486
0487
0488
0489
0491
0493
0494
0495
0496
0497
0498
0499
0500
0502
0504
0505
0507
0508
0509
0510
0511
0513
10
100
101
102
103
104
105
106
108
111
112
113
114
115
116
118
119
12
121
123
124
126
128
13
130
131
132
133
134
135
136
138
14
140
141
142
144
146
147
149
15
150
151
152
153
154
155
156
157
158
159
16
160
161
162
163
165
166
167
168
169
170
171
172
173
174
175
176
177
178
181
182
183
185
186
188
189
19
190
191
192
197
199
2
20
200
201
202
205
206
207
208
209
21
210
211
212
214
215
216
218
219
22
220
221
222
223
224
225
226
227
228
23
230
231
232
233
235
236
237
239
24
240
241
242
243
244
245
248
249
25
250
251
252
253
254
255
257
259
26
260
261
262
263
264
265
266
267
268
269
27
270
271
272
273
274
275
278
279
28
280
281
282
283
284
285
287
288
289
29
290
291
293
295
297
298
299
3
30
300
303
304
305
308
310
311
313
314
315
316
318
319
32
320
321
323
324
325
326
327
328
329
33
330
331
332
333
334
335
336
337
339
34
340
341
342
343
344
347
348
349
350
351
352
353
354
355
356
357
358
36
360
364
365
366
368
369
37
370
372
373
374
375
376
378
38
380
381
382
384
385
386
387
388
389
390
391
392
393
395
396
397
398
4
40
400
401
403
405
406
407
408
409
41
410
411
412
413
414
416
417
418
419
42
421
422
423
424
426
428
43
430
431
432
433
434
436
437
438
439
440
441
442
443
444
445
448
45
450
453
454
455
457
458
459
46
461
462
463
464
465
467
468
469
470
471
472
474
475
476
48
480
481
482
483
484
485
486
487
488
489
49
490
494
495
497
499
5
50
500
501
502
503
504
505
506
507
509
51
511
512
514
515
516
517
518
519
52
520
521
523
525
526
527
528
529
53
530
531
532
533
534
535
536
537
538
539
54
540
541
542
543
544
545
546
547
55
550
551
552
554
555
556
557
558
56
561
562
563
564
565
566
567
568
569
570
573
574
575
576
577
579
58
580
581
583
585
586
587
588
59
590
591
592
593
594
595
596
597
598
599
6
60
601
602
603
604
605
606
607
608
609
61
610
611
612
616
617
618
619
62
620
621
622
623
624
626
627
628
629
630
631
633
634
635
636
637
639
64
640
641
642
644
646
647
649
65
650
651
66
67
68
69
7
70
71
72
73
75
76
77
78
8
80
82
83
85
86
87
88
89
91
92
93
94
96
97
99
n10
n11
n12
n13
n14
n15
n16
n17
n19
n2
n20
n22
n23
n25
n26
n27
n28
n31
n32
n34
n35
n36
n37
n38
n39
n4
n40
n41
n42
n43
n44
n45
n46
n47
n49
n5
n51
n52
n53
n54
n6
n7
n8
n9
